009620192278208222691
009621042156360461
009625300080102561
009630206000228310691
009633100904120222691
009645001867522661
009646400084763461
009647501701781561
009650772088522661
009651029032185461
009651201584763461
009656200409120222691
009664883688083461
009670600011006222691
009672519099812561
009673520071140461
009675007288522661
009677310003072461
009680610079788122691
009684116103622661
009685310054763461
0096863185182410671
009694720206320222691
009700009183085822691
009700520084763461
009715010062293461
009734000127086522691
009737100093865361
009741003303072461
009742160502096122691
009743010156360461
009746256002724763491
00974649000087004981
009750020084763461
009751008052293461
009752300054763461
009761250048588122691
009763001908100222691
009764214096322661
009776219103622661
009780020054763461
009781032284100722691
009785201713208855991
009785490127814012691
009790103881781561
009794000084422661
009797260003222661
009800062042185461
009803030585423561
00980985000087004981
009815100052293461
009817600109120222691
009820210079388122691
009823211202308855991
009828110585423561
009829700021388122691
009830120008282322691
009838303045260461
009838700007815365491
00983921000029822681
009843301206308855991
009847002266122661
009850730071140461
009856120131588122691
009857395000228310691
009861800089222661
009862064160024763491
009863046002700722691
009863100201128855991
009867481607690461
009873201701108855991
009880090128302561
009881016088222661
009885180103200722691
009888310105715365491
009891015387000722691
009897216007115365491
009901013166360461
009905008822181012691
009908404003222661
009914521100108855991
009915008812181012691
009921300004328855991
009923110410815365491
009924010206320222691
009924700015488122691
009926001335722661
009926430020688122691
00992730020029822681
009931078501222661
009935130008015365491
009945200803220222691
009947859005015365491
009953310012288122691
009956600083522661
009959306006128310691
009966011029200722691
009970000020889961
009971105443200722691
009971934081953561
009973007122522661
009973065051953561
009976001008522661
0099788115321550471
009983110015488122691
0099879213185222671
009992412003622661
009994801001408855991
009996100706120222691
009997801012522661
010000019062000722691
010000724252089955991
010001107852293461
010002910010220222691
010007623043084822691
010009340083522661
010010210921089955991
010012030193084822691
010012812029084822691
010013530231184822691
010013794010084822691
010014662042084822691
010015755068084822691
010019138030084822691
010020998180084822691
010021990022084822691
010023323004284822691
010023440042084822691
010023927062084822691
010025227058084822691
010025924018084822691
010026695030084822691
010026813038084822691
010027110584763461
010028000808622661
010030000170920661
010033623017084822691
010034231042084822691
010036300013305122691
010036518206084822691
01003699563390922681
010037000061006222691
010037543021084822691
010038632021084822691
010040208950089955991
010040874206084822691
010047824030089955991
010049234030084822691
010049962010084822691
010051200862293461
010051248458903561
010051372034084822691
010056098030084822691
010056170054763461
010059407006084822691
010059918040184822691
010060082881781561
010061400200220222691
010061532206084822691
010061840054763461
010062027206084822691
010063533180284822691
010064760156360461
010065302752293461
010065373076084822691
010065575201084822691
010073274025184822691
010074208099551461
010076675080484822691
010076805074084822691
010079012042084822691
010079740300715365491
010079928033322661
010081047092084822691
01008212238166666981
010082715133184822691
010086841206308855991
010086859052084822691
010087000011006222691
010089061070084822691
010090110110828310691
010092200440189955991
010093019063084822691
010094000169588122691
010094067099812561
010097510019330461
010098372020084822691
010100163293084822691
010100736206084822691
010102954004084822691
010103883020084822691
010105554074084822691
010105713068084822691
010106407058084822691
01010678238390922681
010114111288522661
010119258050084822691
010120100038002561
010121675201084822691
010122521000400222691
010124470070084822691
010128110054763461
010128610111484822691
010130420093089955991
010131531170089955991
010135411286084822691
010137237722423561
010138310188522661
01014238136490922681
010143086030084822691
010144954090184822691
010145428106084822691
010148218303222661
010150804264184822691
010156059023084822691
010156967090084822691
010157344010084822691
010158010821281561
010158605701781561
010159810004054822691
010159884990084955991
010160557193084822691
010161061149024763491
010161715054184822691
010162222004084822691
010162860048588122691
010163027030089955991
010163382020084822691
010163903076284822691
010164110038034822691
010170244106084822691
010170952193084822691
010172810549042561
010175293040084822691
010176401110200222691
010176709952423561
010182005278224763491
01018211238166666981
010183041266122661
010184100079488122691
010185204029084822691
010186043021084822691
010187128225260461
010196519011084955991
010198164020084822691
010198513070384822691
010200100005728310691
010200177848903561
010205116097084822691
010207633040084822691
01020851534490922681
010209221503222661
010212443021084822691
010213772030084822691
010213910008282322691
010215315133184822691
010215883040084822691
010216062116043461
010219920008015365491
010221088682122661
010223234021084822691
010226122082084822691
010228038033322661
010228308009622661
010233023131184822691
010233036001184822691
010233110062293461
010233508280084822691
010238340231361004991
010238524010084822691
010240976180084822691
010241343101084822691
010242938030084822691
010244132030084822691
010246236001184822691
010246305757522661
010246950065084822691
010250157038084822691
010250566092284822691
010250675030089955991
010251596101815461
010252271140184822691
010254030332423561
010254111065084822691
010256020280084822691
010257300052293461
01025821235490922681
010258400089222661
010260015029084822691
010261146099812561
010261147080284822691
010263003757522661
010264000098588122691
01026402233490922681
010264180008028310691
010265060054763461
010268003032184822691
010272410019330461
010274006701781561
010274030107060206391
010278430206320222691
010279444980084955991
010281150143084822691
010282935020084822691
010283259080084822691
010284320073314822691
010286512040089955991
010290013773324763491
010291291010084822691
010293484501222661
010294010166360461
010294015023324763491
010295837030084822691
010298100093865361
010298400113688122691
010300951133084822691
010301035042185461
010304800308320222691
010306041723308222691
010306340083522661
010309263219189955991
010309300509020222691
010311416017184822691
010311873100184822691
010312454131184822691
010320024232185461
010320153074084822691
010321070199812561
010322021354225561
010322022260084822691
010322742877089955991
010323907051184822691
010327008421022822691
010327838013786322691
010329946254184822691
010330167023084822691
010330363231184822691
010332761021084822691
010333013032185461
010333065050084822691
010333085022622661
010337030083522661
010337145888083461
010347314021084822691
010349393148184822691
010351304216084822691
010351373021084822691
010351610084763461
010353031287000722691
010355242030184822691
010355364001484822691
010356027722423561
010356050199812561
010358677980084955991
010359493204084822691
010360000088193461
010360070523324763491
010361301198865361
010367920002588122691
010372075412100722691
010373263010084822691
010374000421022822691
010376703091184822691
010376740300715365491
010380262013084822691
010380620054763461
010381280030084822691
010381610054763461
010381916111084822691
010383313090184822691
010385572622423561
010385609011084955991
010386200068064822691
010389000005029922691
010390025072384822691
010391622071084822691
010391831020484822691
010391867030084822691
010392500029488122691
010392824030084822691
010393320073822661
010393897186089955991
010394053622423561
010398904232423561
010400444021084822691
010400762042084822691
010403753030084822691
010404650009128310691
010406625020084822691
010406702042084822691
010407720073222661
010408000048589012691
010412158682122661
010412801036084822691
010420266584122661
010423654010084822691
010424200064054822691
010424977179184822691
010425519099812561
010425802013084822691
010426752050084822691
010427200090094822691
010428008212522661
010429101093322661
010429250404089955991
010430058333044561
010430144021084822691
010437930201628310691
010439010012288122691
01043921435190922681
010440039539100722691
010443700004688122691
010445610065084822691
01044583263390922681
010446070002588122691
010447303325722661
010450384106722661
010451405021089955991
010451806862423561
010452264020084822691
010453110554225561
010455311032185461
01045677134190922681
010456930003222661
010458300007812461
010459558980084955991
010460430035084822691
010465223021084822691
010465817050184822691
010467200088322661
010467246990084955991
010470120276085461
01047073569390922681
010473707030084822691
010481203801781561
010484956264089955991
010485004030489955991
010485200038034822691
010487366981184955991
010490077260024763491
010491080122522661
010491172010084822691
010491756040184822691
010492653904089955991
010492758542423561
010497585264184822691
010499348134084822691
010500420293084822691
010500461033089955991
010500595150184822691
010502722043084822691
010505671115084822691
010507434080084822691
010510949180084822691
010511473082084822691
010511510078384822691
010513843622423561
010514207066084822691
01051452236490922681
010515269072084822691
010515926003084822691
010518400020889961
010520000020689012691
010520100501120222691
010520121293084822691
010521832013084822691
010521940029014822691
010522100061006222691
010523450054763461
010524534020084822691
010525224271184822691
010527406952423561
010529402180084822691
010530053011000722691
010531139126043461
010531764023084822691
010534000540189955991
010534631030084822691
010535781080084822691
010536201584763461
010539920053222661
010541441042084822691
010541758106084822691
010543071099812561
010546318922423561
010547244096322661
010550710010220222691
010551271448903561
010551625106084822691
010552000041006222691
010552631012084822691
010552714106084822691
010555110584763461
010557113024235461
010558307822423561
010560651068084822691
010560909134084822691
010561103234084822691
010561531013084822691
010564840300715365491
010567154180084822691
010567201099551461
010567530005029922691
010570678190084822691
010573022042084822691
010574740128302561
010575773021084822691
010576443020084822691
010578216206722661
010578500089222661
010579314020084822691
010580930054763461
010581100088193461
010582410170089955991
010582457030089955991
010583108827181012691
010583204027084822691
010584103211084822691
010584575803389955991
01058504138490922681
010585085310024763491
010586210062293461
010589576950089955991
010590100762293461
010591311198865361
010596084096322661
010596521002184822691
010600539116043461
010604211204008855991
010606605152084822691
010607821070084822691
010609441921089955991
010611743021084822691
010612090623300722691
010613003936122661
010613060166360461
010613100020605122691
010613433020384822691
010616210084763461
010616833040084822691
010619053622423561
010619100902120222691
010620009907812461
010620213164084822691
010622045310024763491
010623440009128310691
010625356280084822691
010626110019330461
010626450048588122691
010627403882423561
010628820096322661
010630082701781561
010633805030089955991
010638005502072461
010638558542423561
010638913010084822691
010639670289184822691
010639800007812461
010641761042084822691
010646000139588122691
010646311280084822691
010646964020084822691
010650625106084822691
010651442021084822691
010651510255184822691
010652552042084822691
010663351140284822691
010663563020084822691
01066616769390922681
010670472022184822691
010673111032185461
010677670008028310691
010681137958089955991
010681153231184822691
010684015001084822691
010688020100039822691
010688741000408855991
010689495094384822691
010692728030084822691
010694353622423561
010695574010084822691
010696010158822661
010700264021089955991
010702160822423561
010704801246622661
010708114964184955991
010712603033084822691
01072058238390922681
010730100021306222691
010752221051084822691
010790372021084822691
010800107881781561
010801251006284822691
010820954012084822691
010840104143084822691
010908745204084822691
010951009328100722691
010956972789009955991
011028241070084822691
011068228603222661
011069832024052661
011079883129089955991
011125271021089955991
011147809881322661
011191000011120222691
011207100804815365491
011224364030084822691
011227561070084822691
01124029136490922681
011258400093865361
011281450863032561
011322010162184822691
011343018099812561
011348020007042561
011393731793289955991
011400001389622661
011460064249200722691
011473011100184822691
011475640300715365491
011500590091184822691
011512422241184822691
011572370051084822691
011581141009215461
011581860048588122691
011586701509215461
011592320008282322691
011698110082488122691
011711917190084822691
011764452063032561
011920414009215461
012003442012184822691
012016370054763461
012111123068084822691
012111360554763461
012177753070484822691
012242022023084822691
012281712152084822691
012326015032185461
01233369000087004981
01243111036806922681
012459876154084822691
012480000080305122691
012489683074084822691
012600731231084822691
012608010066382661
012667500093865361
012680076338100722691
012759102066622661
012806000741053922691
012921405009622661
013166038225260461
013205901198865361
013245616280084822691
013303901701781561
013342730083522661
013348310103622661
013356561020084822691
013375404092084822691
013377001326622661
013546734868089955991
013563893289184822691
013601288030084822691
013602001193084822691
013611012074084822691
013613960030084822691
013769110103420222691
013784000021084822691
013785503030089955991
013879471029184822691
013897002126622661
013949332204084822691
013950000781781561
013969581205384822691
013978225264384822691
014050820078384822691
01416948036640012681
014215353043184822691
014329100071140461
014386000710077822691
014388910103420222691
014408403020084822691
014600008053798461
014633000062293461
014641024084224763491
014739427980084955991
014740408099551461
014762089978124763491
014849510021422661
014936096224084822691
014981641174389955991
015045600015033012691
015120580013084822691
015196305152084822691
015326114012084822691
01533966000087004981
015399179907812461
01552993361190922681
015655600093740461
015665453012084822691
015711129099812561
015740033166360461
015754400016330461
015764077980084955991
015856146990084955991
016018140005029922691
016220086328100722691
016241641070084822691
016384611036014822691
016462603325722661
016603112042084822691
016648600003788122691
016676153021084822691
016854694024384822691
01686821561190922681
017085704114084822691
017103513092084822691
01724391109493422681
017255450026184822691
017280101918303333991
017351370002724763491
017371570501815461
017385008435722661
017390003881781561
017405524964184955991
017485316030084822691
017500260554763461
017526626080184822691
017631307288522661
017686311099812561
017695920050084822691
017706900066382661
017752070585423561
017886000402628310691
018056435140184822691
018066703255184822691
018180120554763461
018219618888083461
018480430037114822691
018510996096322661
01860897000087004981
018610520084763461
018904991182084822691
019101050001115122691
019136900062293461
019211043099812561
019282067030084822691
019290001342185461
019590108566085461
019723506050084822691
019871200098622661
019948003055122661
020201060583324763491
020332035880012661
020646108425722661
020957406150100961
021376514503222661
021378300204020222691
021410210062293461
021503658206722661
021581510019330461
021769500055862561
021847300081781561
021865100100188855991
022210693106722661
022397010085488122691
022860216099812561
023049530066122661
023245040071140461
023957007150100961
024360860004288122691
024423783125102561
024565600093740461
024756183852293461
024918100505423561
025186100084763461
025269304191322661
025365000002086922691
025374100063822661
025609150003222661
025695420073822661
025869310002020222691
026150660054763461
026675100002086922691
026730102088282661
027113003084763461
027191150054763461
027297007600224763491
02759261209493422681
027750030266122661
02784201380151004981
027947101204100222691
027976110610828310691
028056910062183461
028070163144884561
028106500093740461
028169158717089955991
028204110101092322691
028380050199812561
0286800640056454471
028703202266122661
028885555513106222691
029221310396920661
029281106109622661
029351002503072461
029775735203000222691
02984001041663122681
0298500640019644471
030656020063822661
031546018203622661
031665671966690461
031940002102027922691
032033226099812561
032079102266122661
032098830001188122691
032687710128302561
032811121501815461
032888500510828310691
033020021332185461
033730012042185461
033949001010028622691
034350200084763461
034469531554763461
035041920038124763491
035831520003815365491
03639101874207351
037442202158903561
038297251002008855991
038324185000228310691
039468140554763461
039695127888083461
040142111032185461
040303360505423561
040472220050388122691
040562015258100722691
040721000207180222691
040766014110024763491
041087330066122661
041427210001188122691
041473200206120222691
041618820002015365491
041946080584763461
041985810005423561
042187120203020222691
042341090095200722691
042380210007888122691
042728180584763461
042863700501628310691
043320066880012661
043670112156360461
043968430083740461
044234080752293461
044761589907812461
046160000040505122691
046268310501628310691
046693207012522661
047140002303072461
047180110821281561
047410526032522661
047667600021281561
048225500007888122691
049305360888083461
049614813852293461
049801630002328310691
050266010054763461
050491018225260461
050563201288522661
051265894055122661
052227001302072461
053478530002200722691
054423100009289012691
054688484306085461
054994307862293461
055184112099812561
055456800073822661
056292830009903561
056404710013222661
056796102266122661
057493305112522661
057577012203622661
058275057099812561
058300004632185461
059078112099812561
059531510084763461
059854100002889012691
059870537561321561
060180100299588122691
060400004936122661
060460012042185461
060911050323300722691
061095311000400222691
062154810073822661
062290013084763461
063290900062293461
063542705701781561
063689104012522661
063697010009128310691
064058470008028310691
064138830020688122691
064847700055862561
067322300113725422691
067890101181465461
068494405050100961
069760101403222661
071920220015688122691
072698400055862561
073831230001188122691
074174500063822661
075126733128302561
076930100071140461
077476000800320222691
077599703862293461
07796581004093422681
078523889907812461
080423700055862561
080592520400728310691
08142101050763122681
082231220071140461
082812000305728310691
084613300081781561
08503698000087004981
086079008091322661
087550101278303333991
087780537856085461
088379610011006222691
08839101830151004981
08857861004093422681
089602122888083461
090554500103420222691
091649003029598461
093217601022622661
093516200622322661
095892498682122661
097541001335722661
099696001055122661
101343451009215461
101772661563032561
102184610462422661
102417500089222661
102464400047388122691
102969807852293461
102989903862293461
103247128225260461
105160010002020222691
105880693886690461
108743000231354430691
109258002054753461
110181626023184822691
110747334888083461
110900619099812561
112361063166360461
112538010231361004991
113246462021084822691
113343402091184822691
113693810204420222691
114980011823100722691
115111508788522661
115553555711042561
115901124020084822691
116121050001115122691
119451097032300722691
120494603022622661
121276301109622661
123348310122322661
124574843688083461
125137820083522661
125925230006315365491
130046900084763461
130524020083522661
131280707109622661
132754200410728310691
133380530009128310691
134699900002115365491
135480168888083461
138117008815181012691
143003028506722661
146662300063822661
148059500085622661
151713003022039922691
152590860048588122691
152749702150300961
153305140002072461
156050076294312461
162138650009128310691
163280110093740461
165170013399812561
169187041100108855991
175220066667300722691
178260018423300722691
180798100001189012691
182375030006315365491
184495102003222661
195346900038002561
198508600102220222691
19912107850113322681
205192920048588122691
211626310821281561
211791408425722661
221392120063822661
223888120002020222691
235129000110077822691
